         656
         640
         651
         573
         608
         670
         658
         697
         603
         626
         596
         555
         616
         654
         722
         674
         634
         656
         549
         598
         598
         607
         496
         629
         560
         661
         711
         723
         687
         649
         588
         654
         463
         471
         557
         609
         612
         513
         574
         534
         531
         570
         695
         769
         753
         685
         705
         673
         651
         500
         514
         490
         493
         500
         621
         606
         470
         334
         543
         499
         437
         503
         719
         777
         738
         703
         703
         742
         764
         732
         610
         489
         569
         570
         558
         579
         549
         510
         564
         434
         375
         514
         475
         361
         496
         500
         670
         750
         804
         752
         749
         817
         789
         763
         817
         790
         722
         564
         498
         635
         466
         424
         596
         536
         455
         617
         492
         374
         389
         499
         451
         380
         451
         579
         655
         789
         884
         839
         858
         764
         812
         816
         766
         855
         896
         857
         844
         680
         382
         536
         547
         369
         399
         549
         506
         413
         617
         433
         374
         394
         566
         513
         421
         498
         600
         708
         680
         804
        1003
         946
         931
         899
         870
         948
         938
         895
         965
         933
         857
         953
         840
         883
         681
         390
         554
         449
         409
         493
         473
         495
         509
         675
         645
         489
         378
         523
         504
         419
         390
         494
         564
         738
         848
         907
         951
        1080
        1068
        1042
         948
        1008
        1007
        1050
        1092
        1088
         972
         944
         896
         907
         898
         780
         902
         594
         561
         562
         455
         446
         472
         572
         415
         606
         691
         887
         452
         492
         619
         688
         695
         600
         618
         618
         752
         677
         972
        1109
        1074
        1220
        1235
        1122
        1166
        1024
        1061
        1101
        1153
        1173
        1078
        1130
        1065
        1052
         962
         942
         922
        1000
         781
         526
         562
         377
         519
         504
         555
         607
         690
        1082
         885
         531
         763
         766
         782
         724
         759
         718
         697
         800
        1070
        1112
        1255
        1436
        1372
        1234
        1210
        1140
        1214
        1253
        1291
        1144
        1266
        1308
        1174
        1140
        1030
         921
        1153
        1106
         932
         550
         508
         462
         568
         557
         576
         719
        1045
        1064
         801
         863
         812
        1100
         930
         894
         846
         806
         741
         691
        1042
        1027
        1012
        1552
        1643
        1513
        1426
        1411
        1445
        1462
        1392
        1377
        1120
        1395
        1392
        1185
        1238
        1015
        1010
        1239
        1270
        1029
         559
         597
         592
         623
         761
         613
        1050
        1334
        1079
         797
        1203
        1279
        1213
         935
         866
         964
         681
         740
        1031
        1171
        1531
        1826
        1807
        1650
        1662
        1699
        1728
        1512
        1539
        1266
        1589
        1373
        1346
        1334
        1168
        1132
        1133
        1195
        1291
        1120
         706
         704
         735
         708
         818
         991
        1758
        1470
        1268
        1106
        1324
        1420
        1176
         907
         917
         760
         498
         502
         445
        1171
        1463
        1771
        2026
        2069
        1914
        1906
        2152
        1783
        1228
        1548
        1608
        1659
        1553
        1251
        1356
        1245
        1298
        1234
        1489
        1490
        1246
         879
         937
         927
         943
        1140
        2014
        1969
        1752
        1251
        1531
        1515
        1374
        1037
        1390
         941
         773
         363
         648
        1129
        1678
        2280
        2458
        2291
        2283
        2289
        2562
        1592
        1380
        1679
        1521
        1763
        1546
        1187
        1389
        1473
        1447
        1475
        1739
        1725
        1461
        1138
        1042
         883
        1426
        2095
        2498
        2373
        1874
        1322
        1374
        1523
        1544
        1208
        1345
         600
        1082
         965
         349
         705
        1537
        1705
        2508
        2955
        2895
        2725
        2660
        1994
        2076
        1829
        1653
        1605
        1440
        1121
        1300
        1599
        1572
        1705
        1795
        2045
        1951
        1909
        1635
        1377
        1550
        2416
        2575
        3027
        2532
        2113
        1784
        1846
        2185
        2432
        1235
        1052
         891
         839
         337
         993
        1756
        2025
        2675
        3476
        3350
        2864
        2015
        2366
        1811
        1796
        1536
        1667
        1713
        1183
        1423
        1602
        1669
        1793
        1963
        2374
        2326
        2458
        2204
        2483
        2531
        2724
        3053
        2967
        3030
        2251
        2530
        2635
        2881
        1513
         827
        1468
         817
         965
         554
         421
        1422
        1905
        1863
        3148
        3544
        3380
        2288
        2378
        2009
        2004
        1685
        1876
        1814
        1261
        1453
        1597
        1669
        1781
        1676
        2246
        2458
        2572
        2817
        3034
        3251
        2745
        2821
        3424
        3482
        3026
        3133
        2882
        3294
        2345
        1141
        1419
        1286
        1317
         493
        1041
        1506
        1929
        2515
        3705
        3413
        3181
        3294
        3487
        2752
        2547
        2327
        1814
        1415
        1088
        1794
        1687
        1755
        1992
        1674
        2484
        2552
        2548
        3222
        3423
        3169
        2760
        3401
        4054
        2725
        2176
        3393
        2666
        2940
        2032
        1570
        1621
        1526
        1145
         938
        1444
        1519
        2315
        3116
        3210
        3277
        3182
        3470
        4841
        3357
        2883
        2698
        2987
        1344
        1629
         996
        1204
        1044
        1705
        2056
        1689
        2439
        2447
        3021
        3299
        2730
        2915
        2775
        4087
        2289
        2155
        2907
        3118
        2903
        2862
        1416
        1662
        1255
        1266
        1225
        1291
        1788
        2679
        2852
        2827
        3330
        3116
        3480
        3793
        3194
        2335
        2299
        2109
        1904
        1377
         598
         870
        1071
        1446
        1464
        1749
        2061
        2505
        3205
        2496
        2658
        2372
        3207
        2487
        2153
        2145
        2747
        3110
        3058
        1402
        1949
        1835
        1608
        1056
        1565
        1712
        1327
        2084
        2071
        1655
        1660
        2730
        2712
        2921
        2742
        2462
        1685
        1807
        1781
        1728
        1273
         529
         932
         998
        1300
        1115
        1732
        2129
        2647
        2252
        1854
        2205
        1925
        2469
        2152
        1639
        2086
        2776
        2833
        1983
        1512
        2036
        1394
        1284
        1582
        1290
        1182
        1303
        1216
        1254
        1478
        2069
        2335
        2190
        2041
        1190
        1436
        1796
        1524
        1188
         929
         529
         861
        1020
        1277
        1116
        1766
        2138
        2103
        1811
        1814
        1864
        2118
        1854
        1525
        1197
        2138
        2467
        2118
        1214
        1738
        1554
        1078
        1139
        1523
        1260
        1091
        1182
        1144
        1047
        1078
        1102
        2150
        2161
        1821
        1529
        1439
        1557
        1592
        1087
         969
         854
         678
        1083
        1429
        1193
        1282
        1834
        2053
        1815
        1826
        1669
        1627
        1728
        1527
        1229
        1353
        1898
        1992
        1486
        1362
        1444
         869
        1276
        1124
         998
         880
         926
         822
         672
         822
         984
        1954
        1590
        1303
        1145
        1251
        1517
        1091
         710
        1204
         593
         685
        1504
        1355
        1271
        1541
        1820
        1683
        1658
        1655
        1519
        1579
        1237
        1205
        1315
        1438
        1627
        1608
        1254
        1390
        1268
        1244
        1246
        1247
        1114
         715
         721
         580
         619
         720
         656
        1276
        1495
        1342
         752
        1173
        1275
        1185
         871
         839
         914
         605
         806
        1279
        1198
        1195
        1542
        1527
        1441
        1410
        1385
        1416
        1358
        1074
        1183
        1306
        1154
        1594
        1215
        1439
        1402
        1371
        1383
        1084
         639
         703
         525
         527
         500
         676
         882
        1138
        1173
         883
         911
         833
        1001
         908
         675
         766
         621
         686
         895
        1078
        1008
        1305
        1385
        1338
        1400
        1282
        1287
        1146
        1109
        1093
        1167
         921
        1381
        1347
        1357
        1490
        1430
        1301
        1281
         847
         641
         670
         438
         514
         450
         579
         720
         749
        1250
         910
         623
         749
         780
         780
         744
         685
         482
         751
         685
        1015
        1125
        1103
        1123
        1250
        1242
        1186
        1225
        1096
        1037
         977
        1091
         996
        1065
        1273
        1072
        1247
        1260
        1220
         763
         629
         635
         533
         429
         440
         445
         557
         635
         764
         984
         454
         647
         758
         676
         652
         669
         577
         632
         766
         777
         869
        1007
        1007
        1075
        1072
        1120
        1033
        1069
         982
         965
        1028
        1078
        1105
        1115
        1204
        1165
        1149
        1170
         915
         399
         699
         602
         439
         440
         475
         537
         567
         735
         734
         500
         476
         640
         627
         609
         544
         576
         769
         794
         744
         941
        1014
        1031
        1041
        1046
         919
         854
         911
         897
         993
        1075
        1117
        1099
        1144
        1022
         561
         620
         568
         479
         379
         526
         536
         479
         626
         443
         384
         457
         672
         643
         622
         598
         527
         758
         710
         906
         918
         814
         899
         909
         945
         901
         881
         923
         909
        1000
        1006
        1015
         689
         659
         522
         433
         565
         570
         478
         768
         591
         414
         511
         675
         614
         562
         523
         658
         826
         879
         845
         812
         671
         809
         825
         853
         936
         945
         931
         794
         779
         660
         656
         569
         527
         575
         645
         527
         475
         627
         589
         555
         543
         584
         816
         802
         783
         818
         844
         815
         872
         922
         822
         659
         632
         631
         563
         540
         618
         643
         510
         423
         539
         676
         546
         586
         798
         849
         776
         810
         843
         870
         788
         602
         595
         613
         530
         630
         642
         572
         600
         641
         583
         731
         706
         753
         854
         807
         799
         746
         727
         625
         682
         703
         609
         623
         716
         746
         724
         743
         716
         693
         794
         708
         706
         606
         734
         732
         735
         656
         703
         630
         639
         659
